%YAML:1.0
---
w: 640
